1.35754 6.43643 100.103
0.284049  5.83428  100.305
-0.705699   4.84636   100.484
-1.25768  3.81674  100.626
-2.09159  2.97467  100.726
-2.27853  2.06157   100.78
-2.29164  1.15717  100.817
-2.66171 0.240931  100.829
 -2.62338 -0.395884   100.852
-2.61338 -0.83609  100.822
-2.37531 -1.61718  100.789
-2.16129 -1.77621  100.725
-0.464066   -2.5773   99.8642
-0.129598  -2.49087   99.8548
0.00432887   -2.37178    99.8153
0.303749 -2.62499  99.7696
0.829916 -2.78241  99.7248
 1.25999 -2.68919  99.7121
 1.56141 -2.57833  99.6811
 2.04852 -2.49574  99.6602
 2.43179 -2.41305  99.6445
 2.85719 -2.24741   99.651
 3.45259 -1.61569  99.6368
 4.07453 -1.31746  99.6183
  4.45094 -0.598993    99.613
  4.73057 -0.329787   99.6266
 5.00208 0.407542  99.6372
5.16167 1.29899 99.6504
5.19765  2.0377 99.6789
 4.9768 2.69471 99.6992
 4.7637 3.67111 99.7259
3.96296 4.41174 99.7784
3.39617 5.00532 99.8172
2.55131 5.44444 99.8848
 1.6682 6.08018 99.9128
 1.0959 6.78818 99.9545
0.157226  7.07936  100.018
-0.609074   7.48922   100.052
-1.19497  7.63634  100.091
-1.86793  7.77386  100.142
-2.36481  7.80194  100.183
-2.91094  7.58262  100.235
-3.30133  7.55316  100.271
-3.51971  7.32772    100.3
-3.53016  6.45768  100.347
-3.7742 5.33953 100.394
-3.66916  4.21279  100.423
-3.64675  3.15604  100.418
-3.84058  1.97896  100.397
-4.63772 0.902472   100.33
-4.90068  8.50761  100.336
-5.96687  6.97079  100.531
-6.61383  5.12914  100.683
-6.88006  3.17792  100.771
-7.42324  1.19039  100.775
 -7.59984 -0.712106   100.712
-7.31278 -1.76516  100.639
-7.43827 -3.37901  100.461
-7.15811 -4.54468   100.27
-6.12222 -5.58306  100.128
-4.92437 -6.74631  99.9344
-2.62014 -8.10325  98.9083
-1.38918 -8.69293  98.7279
-0.440204  -8.96384   98.5616
0.610329 -8.91837   98.439
 1.74123 -8.60561  98.3371
 2.89059 -7.97997  98.2356
 3.97189 -7.33832  98.1266
 5.11489 -6.61241  98.0279
 6.27701 -5.57372  97.9548
 7.13827 -4.99849  97.8448
 8.08433 -4.01622  97.7476
  8.6237 -2.66415  97.6868
 8.76615 -1.88329  97.6279
  9.07036 -0.284015   97.6026
 9.14258 0.877342  97.5661
9.09599 1.98598 97.5759
8.82164 3.01981 97.6304
8.37763 4.08902 97.7344
7.93031 5.20919 97.8475
7.33465 5.86321 98.0234
6.98389 6.81668 98.2186
 5.9942  7.8022 98.4691
5.50459 8.55631 98.7273
4.64764 9.07014 99.0694
3.73956 9.26958 99.4497
2.61254 9.61581 99.8426
 1.3251  9.6992 100.241
-0.0205497    10.0784     100.59
-1.33575  9.62229  100.983
-2.72971  9.51904  101.324
-4.30319  9.06379  101.639
-5.6284 8.18748 101.966
-7.24156  7.27892  102.259
-8.65728  6.71478  102.474
-9.96739  6.20599  102.615
-11.2232  5.65299  102.656
-12.1709  4.53531  102.646
-13.1855  3.29267  102.576
-14.5057  1.93586  103.385
-13.9413  9.52363  102.692
-14.4319  7.30778  102.833
-14.8322  4.64985  102.824
-14.4083   2.2927   102.81
-13.8505  0.11643  102.648
-12.6117 -2.03637  102.423
-11.4355 -4.29735   102.04
-9.84758 -6.19798  101.608
 -8.2394 -8.09002  101.058
-6.68402 -9.57428  100.449
 -4.1054 -11.7674  98.9153
-2.58082 -12.3687  98.3173
-1.01992 -12.6687  97.7143
0.249808 -12.9904  97.0648
  1.6765 -12.9339  96.4864
 3.12013 -13.1164  95.8231
 4.50781 -13.1579  95.2387
  5.8944 -12.6171  94.7627
 7.28415 -11.7546  94.3777
 8.48219 -10.6352  94.0503
 9.63842 -9.01968  93.7982
 10.6578 -7.50904  93.5183
 11.3643 -6.05999  93.2905
 12.1223 -4.56861   93.118
 13.0934 -2.87806  92.9683
 13.6831 -1.06444  92.9394
 14.0205 0.632687  93.0268
14.1109 2.66372  93.202
14.2012 4.63843 93.4032
13.9113 6.32594 93.6729
13.5701 8.06842 94.0106
12.5502 9.56441 94.5107
11.3909  11.524 94.9906
10.0222  12.649 95.5842
 8.3758 13.9349 96.1811
 6.4352 15.2057 96.7763
4.38517 15.9963 97.4179
 2.1833 16.6383 98.0194
0.0497813   16.8026   98.6536
-2.52792  16.6114  99.2883
-4.73156  16.3208  99.8646
-7.1833 15.5307 100.475
-9.19543  14.7467   101.06
-11.1337  13.8801  101.601
-12.9844   12.882   102.05
-14.7269  11.1494  102.482
-16.4308  9.40302  102.801
-17.4835  7.83549   103.07
-18.399 5.87309  103.27
-18.809 3.81895  103.46
-19.0484  1.51436  103.549
-19.4708  8.16246   103.84
-19.8294  4.81039  104.153
-19.8022  0.98627  104.269
 -19.284 -2.44416  104.246
-18.2809 -5.60415    104.1
 -17.064 -8.84965  103.771
-15.5134 -11.6721  103.319
-13.8544 -14.0331  102.739
-11.6435 -15.9455   102.12
-9.67802 -17.7935  101.357
-5.68871 -19.8589  99.5919
-3.19922 -20.4511  98.8885
-0.569007  -20.8953   98.0851
 1.66829 -21.1483  97.2528
 4.24548 -20.4117  96.5901
 6.46526 -19.5844  95.8551
 8.68831 -18.5478    95.05
 10.7248 -17.3663  94.2513
 12.7658 -16.2548  93.3957
  14.638 -14.6539  92.6893
 16.2604 -12.9697   92.053
 17.7082 -10.5207  91.5931
 18.8122 -7.98146  91.1902
 19.5723 -5.11896  90.8605
 20.0903 -2.38215  90.5699
 20.2386 0.402516  90.3383
19.8838 3.51021 90.1603
18.9539  6.1872 90.1449
17.6206 8.84828 90.1643
16.3617 11.7864 90.1666
14.6657 13.8958 90.3312
 12.692 16.0604 90.5793
10.7337 17.8536 90.9531
8.54049 19.3753 91.4195
 6.1344 20.5235 92.0232
3.64191 21.4192 92.7518
1.14551 22.4562 93.4749
-1.45779  22.8836  94.3274
-4.46831  22.9444  95.2182
-7.07093  22.8744  96.1201
-9.95678  22.6902  96.9505
-12.7019  21.6916  97.8687
-15.1893  20.2718  98.7924
-17.5678  18.6056  99.6807
-19.4823  16.4491  100.638
-21.1671  14.0292  101.565
 -22.89 11.3453 102.371
-24.5495  8.38662  103.067
-25.5388  5.41277   103.76
-26.0957  2.49281  104.381
-26.5049 -0.28173  104.848
-28.028 6.99213 105.245
-28.5526  2.69377  105.918
-28.3556 -1.61127  106.346
-27.2575 -5.93391  106.655
-25.8226 -9.45116  106.816
-23.7636  -13.135  106.815
-21.0472 -15.9647  106.794
-17.9075 -18.7306  106.477
-14.5923 -20.7822  106.006
-10.9318 -22.6957  105.286
-5.56698 -24.8094  103.289
-2.35656 -25.3435  102.452
0.982941 -25.1379  101.621
 4.52496 -24.7188  100.628
 7.57493 -24.1612  99.5023
  10.912 -22.7294  98.3623
 13.6166 -21.1951  97.1213
 16.1468 -19.1992  95.8664
 18.1247 -17.1684   94.606
 20.2123 -14.4785  93.3528
 21.4771 -11.7138  92.1628
 22.6745 -8.80725  91.0043
 23.4047 -5.86887  89.9488
 23.5355 -2.43362  89.0558
 23.2443 0.679188  88.3426
22.7465 4.26027 87.7483
21.7567  7.6485 87.2797
20.5389 11.0547 86.8668
18.9184 14.1774 86.6978
 17.238 17.3696 86.6314
14.9355 20.2406 86.7283
12.4548 22.8118 86.8882
9.52867 25.2565 87.1392
6.43522  27.071 87.6433
3.06594 28.3852 88.2658
-0.351154   29.0106   89.1159
-3.7599 29.8749 89.9121
-7.08213  29.8142  90.9349
-10.2689  29.2928  92.1201
-13.4519  28.0673  93.3977
-16.5599  26.6866  94.6465
-19.5635  24.7797  95.9242
-22.3924  22.3431   97.207
-25.0571   19.879  98.3981
-27.4798  16.7402  99.5307
-29.8393  13.8776  100.439
-31.5508  10.7979  101.295
-32.5956   6.8591  102.174
-33.5424  3.25968  102.805
 -34.0692 -0.594822   103.292
-35.2851  5.62016  103.914
 -35.609 0.575847  104.602
-34.9556 -4.30357  105.177
-33.4968 -8.92036  105.556
-31.2469 -13.2949  105.714
 -28.351 -17.4227  105.634
-25.0319 -21.0751  105.366
-21.283 -24.199 104.888
-17.5799 -26.9701  104.075
-13.6802 -29.4944  102.999
-8.17822 -32.0401  100.742
-3.99213 -32.5364  99.8257
-0.0681207   -33.1967    98.5848
 4.08576 -33.0634   97.451
 7.95643 -32.6569  96.1916
 11.3822 -31.6136  94.9767
 14.8637 -30.2082  93.6831
 17.993  -28.28 92.4204
20.9311  -25.85 91.1744
 23.3349 -23.0568  90.0007
 25.3858 -19.7934  88.8876
 26.9528 -16.3929  87.9276
 27.9212 -12.7343  87.0573
28.7424 -8.0198 86.3135
  29.139 -3.57422  85.5497
 28.7258 0.732422  84.9341
27.8996 4.85727 84.5027
26.7822 8.95282 84.2019
24.8775  13.066 84.0863
22.5498 17.0124 84.1256
19.7531 20.3443 84.2728
16.7666 23.4993 84.4679
13.2559 26.2129 84.7897
9.63573 28.4696 85.2414
6.08655 30.6127  85.717
 2.3323  31.664 86.5189
-1.54584  32.3889  87.3464
-5.69602  32.2735  88.3453
-10.0524  32.1166  89.2114
-14.205 30.8269  90.276
-18.504 29.3269 91.1826
-22.1533  27.1201  92.1788
-25.6788  24.5234  93.1363
-29.0628  21.6666  93.9568
-31.6426  18.4457  94.8155
-33.8868  14.1393  95.6564
-35.8762  9.83188  96.3197
-37.2779  5.86502  96.8905
-38.392 1.62597 97.2195
-39.021 7.16309 97.6833
-39.2995  1.30533  98.4318
-38.8692 -4.66869  98.9792
-37.6178 -10.3649  99.3835
-35.6387 -15.7761  99.5053
 -32.993 -20.9241   99.455
-29.7567 -25.2034  99.3352
-25.9631 -28.9911  99.0271
-21.8282 -32.1683  98.5568
-16.9419 -34.5227  98.1011
-10.2443 -36.7973  96.3942
-5.00776 -37.6224  95.7991
-0.122685  -38.5659   94.7226
 4.06846 -38.9575  93.6965
 8.20741 -38.5161  92.8716
 12.7857 -37.2621  92.0596
 16.9449 -35.4695  91.2845
 21.3544 -32.8785  90.5412
 25.0933 -29.8339  89.8515
 28.5173 -26.3071  89.2621
 31.3643 -22.4008  88.7047
 33.8963 -17.9738  88.1366
 35.7318 -13.4335  87.5695
 37.1944 -8.78692  86.9233
 38.1484 -4.33387  86.3853
 38.3467 0.619765   86.017
38.2196  5.7918 85.6464
37.1078 10.8223 85.5413
35.6117 15.7778 85.3743
33.6067 19.9823   85.45
30.8869 23.7406 85.7628
27.4416 27.9066 86.0654
 23.838   31.22 86.5492
19.6858 33.8771  87.055
15.0609 36.0781 87.5087
10.0345 37.8255 87.9271
4.55719 39.4369 88.1005
-1.06537  40.0561  88.3232
-6.6066 40.1767 88.3707
-12.2114  39.5341  88.3066
-17.2446  38.5232  88.2345
-22.2094  36.9403  87.9923
-26.6414  33.9889  88.0204
-30.5558  30.7118   88.055
-33.943 26.8511 88.2094
-36.7413  22.3097  88.4063
-38.756 17.6019 88.7103
-40.4617   12.822  88.8188
-41.3065   7.3559  88.9886
-41.4783  11.2201   88.965
-42.2082  4.81539   89.306
-42.3146 -1.89945  89.2577
-41.5004 -8.41635  89.0619
-39.8487 -14.5239  88.7144
-37.2665 -20.1667  88.2614
-34.3175 -25.3043  87.6186
-30.6194 -29.9871   86.925
-26.2211 -33.8035  86.3875
-20.9136 -37.0365  86.0032
-14.4896  -39.727  84.8162
-9.20922  -41.031  84.7553
-3.57505 -41.7745   84.683
 1.84037 -41.2307   85.024
 7.67694 -39.9853  85.3996
 13.6023 -38.0291  85.6543
 19.0159 -35.9439  85.7041
 24.2464 -32.8489  85.8886
 28.8661 -29.3445  86.0737
 33.0971 -25.4072   86.257
 36.891 -20.845  86.395
 40.3398 -16.2652  86.2517
 43.2176 -11.1773  86.2147
 45.2141 -5.79162  86.2934
    46.531 -0.0856989    86.2933
 47.186 5.61883 86.2266
47.0248 11.1532  86.114
46.2676 16.2348 86.0986
44.6317 22.0048 86.2597
42.2348  27.229 86.4584
39.1997  32.265  86.702
35.6436 36.5443 87.1274
31.5102 40.9911 87.2583
26.8107 44.6956 87.3004
21.6459 48.0608 87.1685
15.9764 51.1051 86.6945
 10.172 52.7917 86.4679
4.49776 54.0115 86.1719
-0.950906   54.3143   85.9542
-6.89591  53.5538  85.9157
-12.3929  51.9997   85.957
-17.9847   49.741  85.8847
-23.2742  46.6679  85.9125
-27.8908  43.1357  85.9602
-32.3042  39.0932  85.8928
-36.2838  34.3499  85.7866
-39.7134   29.265  85.5852
-42.4022  23.8726  85.3015
-44.289 18.0338 85.0358
-45.6795  11.8923  84.6568
-45.6619  14.5908    84.16
-46.4075   7.4929  84.2457
-46.2363 0.146125  83.9004
-44.8692 -6.81957   83.535
-42.9865 -13.4345  82.8867
-39.7263 -19.7079  82.3592
-36.0901 -25.5024  81.5749
-31.7118  -30.707  80.8058
-26.7088 -35.2348  80.1088
-21.2573 -38.6583  79.6632
-14.4688 -41.3648  78.5094
 -8.3631 -42.8969  78.2873
-2.40123 -44.0315  77.8862
3.65274 -43.719 78.0585
 9.89388 -43.4387  77.7333
15.9719 -41.831 77.8888
 21.6378 -39.4511  78.2087
 27.7897 -36.1026  78.4627
 33.1467 -32.5791  78.6788
  38.173 -28.3062  79.0328
 42.4946 -23.1157  79.6909
45.8817  -17.84 80.3165
 48.6769 -12.3172  80.7632
 50.9497 -6.40239  81.1979
 52.2942 -0.40013  81.7765
52.8664 6.04594 82.3966
52.6599  12.598 82.9917
51.7016 18.6752 83.6901
50.0417 24.5634 84.4763
47.5647 30.0759 85.3348
44.4494 35.7412 86.1045
40.5092 41.2104 86.8911
35.6243 46.1136 87.7162
30.6362 50.1056 88.3864
25.2026 53.3156 89.0853
19.3995 55.7689 89.8173
13.2439 57.7521 90.4358
6.58435 58.7495 91.0549
0.458426  59.0554  91.4651
-6.22212  58.1148  92.0579
-12.5255  56.8186  92.3343
-18.5382  54.7857   92.456
-24.3865  51.7412  92.5482
-30.0619  48.0769  92.3555
-35.1192  43.6192  92.1933
-39.7484  38.8017  91.7994
-43.8703  33.3532  91.2595
-47.0605  27.5054  90.7174
-49.6198  21.1228  90.1503
-51.5825  14.5696  89.4011
-52.5222  7.95261  88.7528
-52.9397   9.9821  88.2643
-53.4612  1.84026  87.6554
-52.5961 -5.98349  87.1518
-50.6553 -13.5652  86.4049
-47.3514 -20.6814  85.7859
-43.4846  -27.102  84.8905
 -38.618 -32.7573    84.03
-32.9711 -37.9977  83.0219
-26.6446 -42.4148  82.0223
 -18.754 -46.2498  80.1793
-12.2158 -48.5084  79.3879
-5.40018 -49.7956  78.7364
 1.66062 -50.2509  78.2256
 8.65063 -49.9126  77.6416
 15.7378 -48.8964  77.0846
 22.3028 -46.9894  76.8977
 28.5717 -44.4526  76.7596
 34.4086 -40.8786   77.011
 39.8606 -36.6083  77.1661
44.5091 -32.021 77.3575
 48.6352 -26.2699  77.8033
 52.0749 -20.2321  78.3118
 54.7099 -13.5867  79.0988
 56.4233 -7.12433  80.1056
    57.46 -0.636944   81.1752
57.4697 6.51177 82.5306
56.7867 13.3109 83.8658
55.1593 20.1941 85.3518
52.8353 26.9098 86.6019
49.5655  33.516 87.9795
45.4781 39.1899 89.5172
41.0438 44.5376 90.7955
35.8011 49.0951 92.2545
29.8888 53.5398 93.4041
23.3681   56.52 94.6932
16.7756 58.9762 95.6742
9.51561 60.3752 96.7865
2.07162 61.1672 97.5016
 -5.182 61.0818 97.9568
-12.3515  59.8527   98.433
-19.4074  57.4923  98.7278
-26.1731  54.4939  98.7359
-32.2934  50.5437   98.624
-37.8717  45.8581  98.4465
-42.8822  40.7016  97.9534
-47.0634  34.6699  97.4751
-50.5283  27.9603  96.9354
-53.225 21.0823 96.1487
-55.2806  14.2226  95.0245
-54.9645  17.5514  94.0135
-56.6039  9.28585  92.9865
-57.4093 0.586559  91.5082
-56.9584 -7.91611  89.8481
 -55.167 -16.1841  88.1592
-52.2885 -23.6254   86.287
-48.2422 -30.5262  84.4406
-43.2885 -36.5399  82.7909
-37.4776 -41.8823  81.0706
 -29.394 -46.4954  78.9157
-22.3533 -49.3266  77.8471
-14.8435 -51.4316  76.6233
-7.46394 -52.6686  75.3772
-0.0645142   -52.8592    74.2021
 7.43028 -52.4203  72.9076
14.8637 -51.187 71.5985
 21.8812 -48.7163  70.8176
 28.6629 -45.5863  70.1491
 35.0488 -41.2799  69.9481
 40.8327 -36.6118  69.6547
 45.9818 -31.2316  69.5761
 50.3766 -25.2754  69.8414
 53.9765 -18.8772  70.2548
 56.4342 -11.8836  71.2034
 58.0849 -4.24193  72.4287
58.8718 3.47648 73.8144
58.8012  11.465 75.1719
57.7552 19.0237 76.6774
55.8301 26.4415 78.3315
53.0126 33.7193  79.901
49.5181 40.5926 81.6163
44.7721 46.6679 83.6921
39.5144 52.0704 85.8038
 33.427  56.363 88.1668
27.2453 60.2493 90.0612
20.2815  62.875 92.3874
12.9043 65.2416 94.1977
5.70974 66.3412 96.0405
-1.63858  66.7746  97.7448
-9.11598  66.1295  99.2739
-16.5401  64.6174  100.564
-23.8133   62.239   101.55
-30.8539  59.1611  102.067
-37.995 54.8578 102.102
-44.3116  50.0803  101.826
-50.2031  44.8369  101.077
-55.5879  39.2212  99.6509
-60.0689  32.6837  98.1422
-63.7025  26.2013  96.2382
-66.1539  19.6027  94.1491
-65.6622  22.7241  92.3437
-67.9071  14.0104  90.2571
-68.7259  4.91815  87.7916
-68.2701  -4.0584  84.8905
-66.5512 -12.4727  81.7586
-63.5938 -20.2692  78.4492
-59.4044 -27.2928  75.0938
-54.4306 -33.3041  71.5418
-48.6223 -39.2029  67.6955
-40.7922 -44.4858  63.6137
-34.1349 -47.8317  60.6356
-26.9311    -50.1  58.2081
-19.1643 -51.4625  56.1001
-11.3702 -51.8473  54.2173
-3.52522 -51.3903  52.5128
 4.50163 -49.9845  51.5706
 12.1777 -47.6112   50.939
 19.7973 -44.3996  50.6204
 27.0039 -40.4572  50.6646
 33.8409 -35.3736  51.0467
 40.0135 -29.8485   51.975
 45.3926 -23.5186  53.2733
 49.9873 -16.5521  54.8584
 53.8002 -9.30241  56.6368
 56.6293 -1.58707  58.7261
58.3713 5.93615  61.274
59.0321 13.6402 64.0435
58.7744 21.4379 67.0113
 57.488 28.9146  70.202
55.2186 36.1122 73.6535
52.3368 43.2533 76.8357
48.4295 49.9285  80.054
43.7491 55.5782 83.3355
   38.3 60.4349 86.6145
32.1337 64.6628 89.8412
25.1257 68.2948 92.8288
17.7469 70.8947 95.5805
9.86514 72.5413 98.1115
1.57803 73.2082 100.252
-6.5366 72.7574 102.169
-14.9018  71.3498  103.788
-23.2399   69.389  104.912
-31.2755  66.5554  105.428
-38.9403  62.8628  105.395
-46.1876   58.612   104.66
-52.8468  53.2622  103.513
-59.1057  47.2694  101.719
-64.5364  40.6469   99.525
-69.1262  33.6844   96.781
-72.2661  26.5866  93.9867
-71.2648  29.8669  91.6255
-73.9193  20.9587  88.8255
-75.2017  11.5436  85.5008
-75.1166  2.40113  81.7736
-73.3771  -6.4561  78.0879
-70.6996 -14.8965  73.9307
-66.8797 -22.7331  69.4322
-62.1912 -29.6182  64.7924
-56.3678 -35.7712  60.4152
-48.5328 -41.6582  55.3715
-41.6878 -45.4877  51.1646
-34.3186 -48.3784  47.2186
-26.5646 -50.4973  43.4868
 -18.472 -51.7066  40.1265
-10.0231 -51.9835  37.3496
-1.48236  -51.279  35.4535
 6.82279 -49.9604  33.8531
 15.1216 -47.6832  33.3086
 23.0431 -44.6117  33.3599
  30.763 -40.4981  34.3294
  37.957 -35.6229  35.7934
 44.6182 -29.9525  37.7202
 50.7124 -23.5906  40.1763
 55.7836 -17.1168  43.2293
   60.01 -9.85408   46.623
 63.2459 -2.47602  50.4403
65.3778 5.43746 54.6136
66.4934 13.0577  59.085
66.4377   20.46 63.9184
65.4571 27.7042 68.6909
63.2174  34.292 73.6893
59.6197 40.2135 78.8463
54.8467 46.2705 83.6589
48.7365 51.4851 88.3975
42.0361 55.8128  92.936
34.7575 59.8521 96.7744
26.7891 63.3331 99.9975
18.3571 65.6057 102.816
9.33783 67.2831 104.831
0.0220163   67.8958   106.034
-9.21449  67.4089  106.661
-18.2845  66.3279  106.514
-27.6479  64.0994  105.711
-35.7027  60.6574  104.712
-43.3693  56.5124  103.087
-50.2432  51.0474  101.254
-55.9857  45.0986  99.1057
-61.1641   38.299  96.3032
-65.1675  31.2258  93.2353
-68.1901  23.6542   89.653
-67.1947  25.8981  86.9341
-69.8066   16.739  83.0616
-71.0862  7.39368  78.6756
-70.9701 -1.86081  73.8745
-69.5736 -10.7938  68.8433
-66.8801 -19.1529    63.77
-62.7979 -27.0371  59.0694
-57.4496 -34.1705  54.7542
-51.2996 -40.3478  50.5778
-43.0392 -46.2509  45.8537
-35.5003 -50.2656  42.3379
-27.3017 -53.4223   39.244
-18.7277 -55.5213  36.7529
-9.89271 -56.4366  35.0128
-0.683895  -56.4805    33.285
 8.59294 -55.3838  32.4496
 18.0962 -53.0791  32.1407
 27.1731 -49.8954  32.2321
 35.9152 -45.6894  32.6402
 43.9421 -40.6233  33.7733
 51.1557 -35.0134  35.3993
 57.4428 -28.4226  37.7504
 62.9151 -21.1326  40.7593
67.3366 -13.423 44.2769
 70.7299 -5.47483  48.1284
73.3063 2.73001 52.0282
74.9804 10.7625 56.2185
75.5524 18.6979 60.9363
74.9116 26.8961 65.6493
73.1937 34.9142 70.3374
70.3507  42.744  75.027
66.3501 50.3828 79.4762
61.3779 56.9464 84.0675
55.6714 63.2826 87.8369
49.0459 67.9446 91.9024
41.5726 72.0268 95.4784
33.2115 75.3054 98.5864
24.9223  77.865   100.9
15.5788 78.6487 103.179
6.41531 78.8309 104.643
-3.33156   78.107  105.259
-12.7756    76.08  105.391
-21.964 73.0673 105.062
-30.7655   68.741  104.546
-39.3343   64.143  103.149
-47.2101  58.5595  101.206
-54.2679  52.2911  98.6516
-60.5682  45.2746   95.553
-65.8461  37.7626  91.9788
-70.1304  29.6485   88.051
-73.159 21.8765 83.8411
-72.4189   23.281   80.777
-74.6743  13.4598  76.1704
-75.2616  3.29269  71.6456
 -74.154 -6.42335  66.8573
-71.5327 -15.8709  62.1122
 -67.639 -24.7808  57.4148
-62.4707 -32.9914  52.9118
 -56.233 -40.2494  48.5729
-48.7437 -46.7479  44.6857
-39.0981 -52.3333  40.8776
 -30.345 -56.2657  37.9717
-21.2866 -59.1209  35.2875
-11.5598 -61.0622  32.9766
-2.15111 -62.1008  30.9268
   7.255 -61.9587  29.7336
 16.6962 -60.7454  29.2013
 25.8741 -58.6432  29.2715
34.7777 -55.686 29.8803
  43.495 -51.6813  31.3277
51.7604  -46.76 33.1639
59.3688 -41.249 35.6968
 66.0239 -34.9698  38.8151
71.8273 -27.765 42.4991
 76.4528 -20.5105  46.6738
 80.0301 -12.3752  51.1808
 82.3223 -3.95188  56.2889
83.6196 4.11958  61.465
 83.784 12.4724 66.8057
82.6188 20.6285 72.3162
80.0591 28.4909 78.0243
76.3703 36.2718 83.4871
71.9415 43.3902 88.4778
65.9375 50.4999 93.2396
58.5171 56.5763 97.7552
50.6686  61.916 101.523
 41.999 66.5036 104.784
32.7965 69.9953 107.529
22.8302 73.2242 109.279
 12.889 75.1899 110.194
2.64979 75.5383 110.688
-7.49575  75.2635  110.177
-17.6813  74.0644  108.726
-27.4054  71.1882   106.87
-36.4715  67.5615  104.391
-44.9064  63.0307  101.221
-52.3493  57.5473  97.4745
-58.5372  50.8959  93.5529
-63.7716  43.7073  89.1034
-67.753 35.6815 84.5695
-70.3273  27.6605  79.8478
-68.5811  27.8599  76.2885
-70.7653  18.0075  71.1381
-71.2811  7.82319  65.9358
-70.1405 -1.94818  60.6049
-67.2027 -11.3471  55.2508
-62.9119 -19.9572  49.8283
 -57.062 -27.7804  44.8153
-50.3552 -34.5206  40.0386
-42.692 -40.531 35.3613
-33.2447 -45.4009  31.2604
-24.2437 -48.8488   28.159
-14.6954 -51.2127  26.1464
-4.78085 -52.5574  24.9462
 5.50244 -52.8274   24.451
 16.0614 -51.8802  24.7126
 26.2557 -49.7759  25.9848
 36.3472 -46.2183  27.8118
 45.8041 -41.7558  30.4187
 54.5313 -36.6507  33.3371
 62.4122 -30.6903  36.5702
  69.399 -23.9721  40.1296
   75.33 -16.2252  43.9101
 80.0853 -8.31761  48.1413
 83.6406 0.134257  52.7663
85.9877 9.31542 57.3192
86.9853 18.4231 62.1123
86.7009 27.4496 67.0486
85.0868 35.9648 72.3711
82.2529  44.445 77.3527
78.2627 52.5345  81.836
 72.919 59.5885 86.5783
66.3932 66.0959 91.1312
 59.458 72.5864 94.7373
51.3854 77.4258  98.638
42.3614 81.4399 101.995
32.6122 85.1749 104.238
22.7676 87.2046 106.058
12.1728 87.6703 107.587
1.31075 87.7749 108.129
-9.10358  86.3532  108.056
-19.1212  83.7468  107.401
-28.6849  80.2238  106.053
-37.8334  75.8835  103.874
-46.4289  70.1414   101.17
-54.3011   63.842  97.7286
-61.1509  56.9083  93.7671
-66.914 49.3074 89.3423
-71.5143  40.8093  84.7546
-75.0062  32.3178  79.6871
-73.3571  33.3046  75.7137
-76.2692  23.2493  70.4708
-77.7394  12.9455  64.9314
-77.6027   2.2908  59.2304
-75.5441 -8.02278  53.6607
-71.8091 -17.6305  48.2085
-66.7165 -26.5329  42.7006
-60.1636 -34.5186  37.6706
-52.5513 -41.6606  32.7624
-42.6937 -48.0013  27.9266
-33.3196 -52.3216  24.5044
-23.3785 -55.5072  21.1388
-13.0329 -57.5109  18.7284
-2.62588 -58.3775  16.8222
 7.82846 -58.0316  15.7425
 18.2017 -56.8077  15.2623
 28.3688 -54.6497  15.3306
 38.3994 -51.3073  16.2474
 48.0973 -46.8167  17.8057
 57.2161 -41.5767  19.9282
 65.5783 -35.1813  23.0002
  73.009 -27.9163  26.4819
 79.5558 -19.9157  30.3055
  84.988 -11.3783  34.6257
 89.2019 -2.41802  39.2253
  91.97 7.01629 44.1873
93.6117 16.4723 49.2032
93.7908 26.3367 54.4195
  92.79 35.6735 59.6729
90.2525 44.9762 65.2099
86.6801 54.1574  70.133
81.8768 62.0316 75.3255
75.5968 68.8375 80.8708
68.4747 75.6314 85.3969
60.0521 82.1914 89.1309
50.9312  86.921 92.8421
41.0716  91.132 95.5203
31.0017 93.7048 97.9259
20.4231 95.1119 99.7725
9.81803  95.304 100.949
-1.06493  94.2234  101.614
-11.9053  91.8583  101.845
-22.7015   88.925  100.781
-32.6887  85.0892  98.7424
-41.8819  80.2767  95.9319
-50.0065  74.3408  92.7248
-57.3155   67.123  88.8971
-63.6404  59.1928  84.6646
-68.5972  50.6788  80.1729
-72.1631  41.7913  75.3121
-74.4761  32.4664  70.3217
-72.5833  31.4431  66.5503
-74.1064  20.5853  61.5127
-74.0434  9.62025  56.1152
-72.0542  -1.0377  51.2876
-68.1784 -10.9081  46.2698
-62.6311 -20.0132  41.4709
-55.9057 -28.0258  36.7969
-47.8626 -35.2145  32.7716
-37.6836 -41.6446  29.0325
-28.3337 -46.2042  25.8711
-18.3847 -49.6476  23.2673
-7.57857 -52.1736   20.871
 4.08195 -53.4052   19.154
 15.9686 -53.1403  18.0321
 27.2475 -51.6378  17.6262
 38.2826 -48.9502  17.8335
 48.7114 -45.2536   18.747
 58.6443 -40.3847  19.9065
 67.8144 -34.5035  21.5158
 76.2198 -27.7044  23.6832
  83.692 -20.0466  26.1427
 90.1584 -11.7006  29.0885
 95.4175 -2.84782   32.708
99.5561 6.51955 36.6202
102.382 15.9759 41.0191
103.837 25.6576 45.4886
 103.67 36.1431 50.0032
102.284 45.8599 54.6637
99.1916 55.7817  59.075
94.7127   65.54 63.4132
89.0283 74.8334 67.1388
81.8834 83.8865 70.4014
73.9106 91.9405 73.0449
64.9144 98.9511 75.2955
55.5784 104.494 77.4387
45.5804 108.684 79.5806
34.8868 112.044 80.9476
23.8446 114.806 81.0715
12.5421  116.37 80.5117
1.39189 116.355 79.6646
-9.44016  115.334  77.9166
-20.0759   112.38  76.5005
-30.3176  107.813  75.1449
-39.9317  102.216   73.285
-49.0949  95.6411  70.4683
-57.1732  88.1639  67.1693
-64.0216  79.7327  63.5645
-69.6507  70.8843  59.3638
-74.1991  61.2392  54.6659
-77.267 51.3983 49.8936
-74.1795  50.1399  45.9129
-76.5259  38.9042  41.3285
-77.3909  27.1693  36.2614
-76.4901  15.8071  30.9459
-73.6622  4.87629  25.5584
-69.1616 -5.45234  20.4034
-63.0609 -14.9995    15.88
-55.5189 -23.6723  11.8659
-46.9756 -31.1564  7.75516
-36.1635 -37.6035  4.53615
-25.7405 -42.1974  2.11751
 -15.3324  -45.3141 -0.420814
-6.22418 -47.1366 -2.44908
 5.24162 -48.4946 -3.68471
 16.8304 -48.5223 -4.47235
 28.2265 -47.3231 -4.83229
 39.4798 -44.4594  -4.4592
  50.276  -40.259 -3.67701
 60.4716 -34.8419  -2.3518
 69.8605 -28.6323 -0.31467
 78.2621 -21.1667  2.79735
 85.5089 -12.6314  6.59248
 91.4201 -3.31873  10.5117
 96.083 6.57045 14.9454
99.4423 16.7985 19.5694
101.401 27.3034 24.2947
 101.93 38.0728 28.9647
100.923 48.4633  33.904
98.4498 58.6989 38.7981
 94.755 68.3462 43.3824
89.5776 77.4305 48.0227
83.1787   85.69 52.2365
75.8042 92.6576 56.8553
67.2109 99.0372 61.1211
58.0384 104.296 64.8395
48.1557 108.238  67.932
37.3853 110.746 71.0933
26.1338 111.827 74.0185
14.7442 111.932 76.2482
3.37165 110.632 78.1587
-8.80777   108.31   78.859
-20.4895  104.852   78.726
-31.4266  100.532  77.5219
-41.4385  94.8678  76.0427
-50.7665  88.2329   73.505
-59.0707  80.2962  70.5847
-66.2727  71.6559  66.8572
-72.1612  62.5048  62.5597
-76.6596  52.8435  58.0879
-79.5939  43.0046  53.4441
-76.9589  42.0678  49.9107
-79.345  30.786 45.0544
-80.071 19.1174 40.2702
-78.7698  7.64943  35.1604
 -75.505 -3.43162  30.0416
-70.5894 -13.7738  24.7688
-64.2012 -23.2443  19.8811
-56.6007 -31.6696  14.9281
-47.8535 -39.1611  10.6484
 -36.959 -45.6599  6.72292
-27.0319 -50.5008  3.93488
-15.7641  -54.405  2.19566
-2.52129 -56.8966  1.69852
  9.6906 -57.5281  2.03257
 21.3707 -56.6966  2.87755
 32.6293 -54.6066  4.17063
 43.6237 -51.0132  5.81737
 53.9803 -46.1493  8.23984
 63.6411 -40.0423  11.0338
  72.304 -32.8274  14.5275
 80.0282 -24.9157  18.0795
86.5685 -16.482 21.7512
91.9624 -6.8268 25.6115
96.1334 3.20116   29.99
98.9724 13.5389 34.4561
100.559 23.9007 39.6409
 100.82 34.3604 44.5862
99.4794 44.4389 50.3627
96.6114 54.4146 55.7193
92.4865 63.7797 61.0457
86.8766 73.0234 65.9683
80.0182 81.2892 70.6772
71.7817 88.9927 74.9404
62.9621 95.8887 78.5037
 53.214 101.093 82.5312
42.3906 105.764 85.4176
30.6198 108.779 88.4113
18.2803 110.888 90.2309
5.22546 111.788 91.3066
-7.15373  111.188  91.6776
-18.6099  109.363  91.2338
-29.6964  105.698  90.6007
-40.5309  100.817  89.2752
-50.5798  95.1332  87.4293
-59.7767  88.5053  85.0098
-68.0462  80.6999  82.1969
-75.1994  72.1634  78.8408
-81.1015  62.3773   75.479
-86.0446  51.8155  71.5345
-89.546  41.607 66.9788
-91.5113  31.0918   62.409
-89.9416  29.6884  58.8535
-91.2065  17.4796  53.6929
 -90.18 4.83785 48.3518
-87.3647 -7.27829  43.2447
-82.8872 -18.4854  38.0312
-76.4257 -28.6622  33.2533
-68.3613 -38.0602  28.7934
-58.8669 -45.9358  25.3961
-46.7742 -52.8133  21.9702
-35.5202 -57.4815  19.3708
-23.8746 -60.6037  17.1203
-12.5723 -62.2932  14.9913
-1.93377 -62.6883  13.0772
 9.02291 -62.1144  11.7756
   20.51 -60.3965  11.2934
 32.0835 -57.2625  11.3123
 43.3344 -52.6862  11.9874
 53.9106 -47.0463  12.8797
   63.74 -40.0347   14.647
72.6141 -31.927 17.1823
 80.4302 -23.2648  20.1953
 86.9116 -13.7181  23.6429
 92.0878 -3.48953  27.2808
95.7579 7.34915 31.4286
97.9274 18.4258  36.161
98.6309 29.8537 40.5689
97.7403 41.1452 45.5802
95.4123 51.9006  50.559
91.2378 62.7656 55.5881
85.6962 72.5346 60.9207
78.8231 81.8941 65.4605
70.5188 90.5251 69.9984
60.6444 98.6872 73.4623
50.1295 105.807 75.6457
39.0698 111.581 77.3173
27.2216 116.092 78.4003
17.5018 118.225 79.5834
7.54174 119.305 80.1573
-3.81708  119.083  80.6715
-16.0114  117.191   80.951
-27.6861  113.851  80.4994
-38.2293  109.044  79.7018
-48.3493  102.485  78.7117
-57.4063  94.8794  77.1211
-65.5204  85.9814  75.2195
-72.3537  76.2852  72.5716
-77.9666  65.9593    69.18
-81.848 55.4001 65.1558
-83.9934  44.5775  60.7346
-81.1362  42.1521  57.1385
-82.6001  29.7312  52.2775
-81.7573  17.5134   47.266
-78.9298  5.80943  41.9783
-74.0623 -4.98905  36.6338
-67.3998 -14.6936  31.5884
-59.3508 -23.3109  26.6624
-50.2233 -30.7016  21.7795
-39.2075 -37.1006  17.1467
-28.7361 -41.4884  13.0431
-17.6249 -44.6186   9.3491
-6.00973  -46.499  6.28091
 6.18309 -47.1424  3.97699
 18.7864 -46.1679   2.5953
  31.052 -43.5801  1.25303
 42.7812 -39.6131   0.5779
 53.9085 -34.4373 0.586778
 64.3058 -27.9927    1.076
 73.8254 -20.7569  2.06647
82.3357  -12.35 3.86566
 89.7578 -2.96055   6.4667
96.0241 6.84477  9.8027
100.805 17.6355 13.6372
104.377 28.5002 17.7555
106.372 39.7161 22.5587
106.973 50.9719 27.3598
106.199 62.0486 32.0729
103.492 73.0398 37.3184
99.5696 83.3292 42.2745
94.2055 92.8912 47.4536
87.3237  101.98 52.2805
80.1319 109.777 56.7387
 71.639 116.743 61.1694
62.8245 121.615 66.2701
52.5277 125.045 71.9404
41.9103   127.6 76.2279
29.8766 128.493 80.4931
17.0941 128.211 84.1209
4.41881 126.844  86.189
-6.85356  122.798  88.5581
-18.1202  117.628  90.0845
-28.9755  111.657  90.2692
-39.6838  104.764  89.3222
-49.3201  96.9153  87.7515
-57.7653  88.3756  85.2873
-65.0066  78.6646  82.4361
-71.2604  68.9529  78.4266
-75.9037  58.2687  74.1974
-78.8403  47.6637  69.5277
-75.7189  45.9803  65.5322
-78.0516  34.2003  60.3625
-78.6185  22.0919  54.7749
-77.3686  10.1575  48.8205
-73.9025 -1.11505  42.7101
-68.8011 -11.7392  36.4469
-62.0477 -21.3043  30.6214
-54.0484 -29.4087  24.7971
-44.7332  -36.388  19.2774
 -33.422 -42.0509  14.0851
 -22.354 -46.0501  9.85931
-10.5861 -48.7544  6.46518
 1.56902 -50.1634  3.63418
 13.9348 -49.9847   1.6057
   26.0763   -48.3514 -0.0947101
  37.9673  -45.3942 -0.680928
  49.5205  -40.9299 -0.810366
  60.4308  -35.2033 -0.168618
 70.6763 -28.2438  1.12866
 80.1727 -20.2714  2.86269
 88.6641 -11.4893    5.204
95.9846 -2.0727 8.23475
101.978 8.07886 11.6967
106.497 19.0498 15.6052
109.812 30.1407 20.5164
111.662 41.4422 25.4452
112.293 52.5695 30.7909
111.421 63.3405 36.6846
108.995 73.5832 42.6709
104.809 83.5836 49.1532
99.4433 93.0258 54.9078
92.5907 101.746 61.1642
84.8523  109.45  67.042
75.7897 116.292 72.2233
66.1693 121.519  77.556
55.5412  125.34 82.5534
43.9205 127.941 86.9389
32.3317 129.025 90.6423
20.5331 128.343 93.9726
8.24476 126.393 96.5917
-4.22805  123.522   97.827
-15.9806  119.299  98.4198
-27.2129  113.633   98.488
-37.469 107.444 97.2643
-47.0928  99.8853  95.2538
-55.5549   91.346  92.5019
-62.8964  81.5554  89.1019
-69.0652  71.1637  84.9566
-73.8486  60.4756  80.2554
-76.6792  50.1542   74.964
-72.7328  48.2403  70.6578
-74.785 36.2512 64.9133
-75.0248  23.9068  58.8427
-73.4962  12.0056  52.3785
-70.068 1.14201 45.4492
-65.1869 -8.94611  37.9899
-58.6101 -18.0263  30.8802
-50.4502 -25.8637  24.0512
-41.3864 -32.4068  16.8467
-31.2836 -37.6998  10.6421
-19.9643 -41.3521  4.55183
 -9.16455  -43.6559 -0.528396
 2.34284 -44.7105 -4.72455
 14.2308 -44.6199 -7.95485
 26.3975 -43.1846 -10.0142
 38.5445 -40.4488 -10.8957
 50.5496 -36.3087 -10.6177
 61.9983 -31.2418  -9.5336
 72.7182  -25.253 -7.64897
 82.6474 -18.0579 -5.11228
 91.5137 -9.98664 -1.72452
  99.1741 -0.729311   2.53452
105.572 8.92809 7.16251
110.623 19.1371 12.0164
114.325 29.6333  16.813
116.674 39.9174 22.6217
117.401 50.5767 28.6552
116.993 60.4738 35.0646
115.129 69.8067 41.9597
 111.37 78.9818  49.174
106.437 87.2339 56.3226
99.9924 94.5549 64.2345
92.5678 100.425 71.9676
   83.3 105.802 79.2687
73.5105  109.96 85.7058
62.1544  113.38 91.1225
49.6248 115.612 95.8976
37.2823 116.356 99.7407
24.4211 115.467 103.046
11.5013 113.239 105.063
-0.629466   109.927   105.776
-11.8472  105.504  105.679
-22.9096  98.9651  105.398
-33.2095  91.6082  103.882
-42.2126  83.0181   101.74
-49.6534  74.2243  98.5608
-56.0321  64.2805  94.9233
-61.0742  53.5752  90.9203
-64.4743   42.755   86.563
-66.8259  32.0347  81.4154
-63.9815   28.961  77.3279
-65.3792  16.8278  71.3663
-65.051 4.76611 64.8746
 -62.568 -6.87721  58.3911
-58.4123 -17.6244  51.6563
-52.5521 -27.4011  44.9166
-45.1712 -36.0174  38.2547
 -36.597 -43.4703  31.9567
-26.9481 -49.7476  25.8699
 -15.167 -54.3969  20.4683
-3.69461 -57.5063  15.6836
  8.2369 -59.0949  11.3877
 20.3626 -59.1079  7.57588
 32.7373 -57.3359  4.04841
 44.4458 -54.5136  0.95736
 55.8456 -50.0526 -1.38184
 66.7718 -44.1397 -2.88557
 77.0176 -36.7878 -3.51839
 86.4732 -28.7779 -3.20447
 94.9827 -19.5419 -2.31091
  102.308  -9.51095 -0.773528
108.394 1.37604  1.4439
113.141 12.6438 4.03317
116.334  24.229 7.19488
118.068 36.2279  10.885
118.451 47.9944 15.2836
117.105 60.1248 19.4666
114.615 71.4744 24.5061
110.227 82.7718 29.1789
104.568 93.2843 33.5234
 97.789 102.985  37.742
89.6636 111.655 41.5358
80.4205 119.123  45.302
 70.275 124.903 49.8491
59.6847 129.502 53.3322
48.7213 132.375 57.3134
37.6712 133.704 61.4961
26.3273 133.366 65.6814
14.4865 131.745 69.1447
2.73842 128.659 72.3829
-9.03279  123.979  75.3743
-20.2997  118.051  77.5002
-31.0575    111.2  78.6482
-40.7062  103.124  78.8858
-49.3327  93.9511  78.0357
-56.9679  83.5588  76.4715
-63.2484  72.8237   74.033
-67.8707  61.5149  71.0194
-70.8049  50.0748  67.4254
-67.2039  46.5926  64.1465
-69.0221  33.9054  60.2701
-68.8747  21.4405  55.8794
-66.6251  9.25713  50.9947
-62.6794 -2.23128  46.0017
-57.0508 -13.1333  40.8716
-50.0034   -23.02  35.6652
-41.5623 -31.8966  30.7047
-31.9486 -39.3439  26.0139
-20.3628  -45.444  21.2705
-9.24677   -49.73  17.1934
 2.41637 -52.6978  12.9984
 14.4287 -53.9741  9.24254
 26.4202 -53.7793  5.83628
 38.6102 -51.7138  3.24227
 50.6894 -48.5363   1.3673
  62.2022  -44.0185 0.0169152
  73.1023  -37.7755 -0.406537
  83.3387  -30.1662 -0.268988
 92.6779 -21.6837  0.38779
 100.887 -12.3044   1.6795
 107.806 -1.93684  3.24994
113.345  9.0178 5.26254
117.422 20.4129 7.86239
119.911 32.2023 10.9335
120.715 44.5207 14.3543
120.071 56.7282 18.2628
117.786 68.8043 22.3066
114.352 80.1993  25.933
109.575 90.9634 29.5519
103.403 101.156 33.6702
95.7224 110.576 37.8294
87.5385 118.795 41.4051
78.1378 125.636 44.8377
67.0531 131.203 48.3687
55.2442 135.464 51.2552
43.2497 138.306 53.7114
30.6304 139.777 55.3074
18.2584 139.545 56.6993
5.82393 138.026  56.796
-6.35762  134.967  56.8631
-17.9753  130.571  56.4277
-28.9066   124.74  55.6235
-38.5943  117.733  54.1981
-47.4147  109.415   52.422
-55.4409  99.8554  50.2697
-62.2457  89.4774   47.923
-67.5184   78.549  45.1056
-71.1706   66.895     42.2
-72.9428  55.3312  39.2044
-68.7567  50.8518  36.6985
-69.7717  38.1076  33.1539
-68.6836  24.9795   29.548
-65.6961  12.4721  25.3348
-60.7726 0.838658  20.9166
-54.3324 -9.92913  16.4873
-46.3738 -19.7302  12.4444
-37.0019 -28.0986  8.86402
 -26.506 -35.0934  5.78282
-14.4631 -40.3304  3.09254
-2.80127  -44.127 0.793014
  9.2203 -46.3555 -1.00749
 21.6546 -46.9696 -2.26826
 34.0789 -46.0964 -3.01492
 46.3498 -43.8708 -3.26729
 58.4046 -40.1925 -3.06673
 69.8796 -35.4359 -2.58146
 80.6401 -29.1688 -1.76581
  90.4489  -21.6809 -0.829406
 99.2179 -12.8028 0.637231
106.803 -3.0841 2.08716
113.046 7.46367 4.21938
117.983 18.7105 6.35604
  121.5 30.2962 9.04633
123.298 42.3918 11.9762
123.739 54.4732 15.3065
122.659 66.3109 18.1756
120.032 77.7964  21.515
115.577 89.0489 24.6639
109.609 99.6709 28.6553
 102.12 109.774 32.1952
93.7111 118.651 35.9691
83.9642 126.586 39.5162
73.3734 133.007 42.2372
62.2113 138.256  43.368
50.4394 142.098 44.2961
37.9417 144.475 44.8651
25.1499 145.502 44.5044
12.8129 144.958 43.3441
0.252229   142.79  42.2553
-11.4275  139.033  41.2369
-22.7666  134.149   39.103
-33.4253  127.784  37.0978
-43.0394  120.227  35.2434
-51.846 111.631 32.9687
-59.5005  102.091  30.8017
-65.4915  91.8932  28.5939
-70.3951  80.6542  26.4152
-73.7871  68.9566  24.1384
-75.1949  57.2946   21.613
-70.966 52.7556 19.9347
-71.4091  39.9591  16.5947
-70.2091  26.9657  13.2239
-66.7829  14.6205  9.89788
-61.4174  3.03388   6.7505
-54.3825 -7.65581  3.86154
-46.0492 -17.1331  1.20447
-36.2366 -25.2037 -1.05043
-24.6462 -31.8188 -2.96951
 -13.285 -36.7047 -4.36574
-1.05211 -40.1072 -5.33315
11.2296 -41.854 -6.3083
 23.6639 -42.0294 -6.90271
 35.9874  -40.592 -7.28516
 48.0849 -37.6362 -7.36294
 59.7172 -33.1593 -7.25879
 70.7849 -27.4178 -6.83103
 81.0164 -20.1845  -6.2723
  90.286 -11.8777 -5.40754
 98.3523 -2.43787 -4.65387
 105.151  7.94243 -3.36664
 110.618  18.9708 -2.01732
   114.609    30.6189 -0.0715249
117.081 42.7896 1.95311
117.969 55.3223 3.91315
117.788 67.3134 6.25414
115.952 79.2659 8.80809
112.365 91.1684  11.411
107.851 102.281 14.1734
101.826 112.706 16.5648
94.8236 122.171 18.0785
86.2926 130.854 19.3709
77.1598 138.291  20.934
66.6983 144.611 22.4592
54.9628 149.521 24.4454
42.3966 152.794 26.3356
29.8744 154.578 26.8028
17.5403 154.765 27.1797
5.26429 153.317  28.239
-6.59953   150.38  28.6008
-17.9235  146.232  28.0198
-28.7235  140.636   27.886
-39.3197  133.698  27.0389
-48.7931  125.704   26.128
-56.9515  117.048  24.7716
-64.2715  107.078    23.17
-70.3128  96.4095  21.6871
-75.0211   85.031  20.2389
-78.1018   73.365  18.2272
-79.5485  61.6066  15.9346
-74.9331  57.2707  14.7104
-75.424 44.4393 12.3959
-74.4635   31.326  9.90518
-71.5073  18.5538  7.29835
-66.6661  6.58696  4.73484
 -60.278 -4.52435  2.01729
 -52.4607  -14.5681 -0.635137
-43.2665 -23.5383 -2.87505
-32.9063 -30.9906 -5.30195
-20.9444  -36.874 -7.29192
-9.78755 -40.9229 -9.31506
 1.93603 -43.5395 -11.2446
  14.035 -44.6161 -13.0406
 26.2889 -44.1848 -14.7199
  38.252  -42.459 -16.2811
 49.9444  -39.085 -17.9407
  60.972 -34.3513 -19.2084
 71.4179  -27.837 -20.3397
 80.9929  -19.987 -21.0495
 89.5792 -11.1383 -21.4181
 96.9866 -1.11145 -21.4287
 103.047  9.65931 -21.4746
 107.995  21.0667 -21.1904
 111.575  32.9155 -20.6621
 113.764  45.1304 -19.4143
 114.198  57.6532 -18.1661
 113.095  70.0367 -16.7795
110.649 82.2103 -15.307
  107.04  93.6349 -13.9217
 101.893  104.558 -12.5388
94.9438 114.941 -11.257
 87.1893  124.127 -11.1315
 78.2728  132.221 -10.9369
 68.4043  139.223 -11.3783
 58.1702   144.73 -11.6681
 47.5173  148.704 -12.0792
 36.5757  151.376 -11.6801
  25.177  152.527 -10.5181
 13.1128  152.083 -9.27455
 1.08337  150.242 -8.09782
-11.0891  146.861 -6.33351
-22.4786   142.23 -4.02626
-33.0772   136.37 -1.70794
-42.8678   129.07 0.679494
-52.1116  120.327  2.73764
-59.7971  110.794  4.42238
-66.4172  100.302  4.95959
-71.6163  88.9235  4.64568
-75.3488  77.2714  3.76933
-77.2904   65.469   2.4669
-77.6917  53.6767 0.831077
  -73.624   48.8294 -0.415652
-73.1276  35.9748 -2.31857
-70.6009    23.27  -4.6154
-66.3144  11.1972 -6.76421
 -60.4455 0.0123802  -8.97684
-53.0399 -10.2235 -11.1151
-44.2957 -18.9644 -13.4877
-34.3024 -26.2501 -15.7837
-22.6041 -31.8384 -18.1124
-11.5017 -35.7014 -20.2169
0.104106 -38.1468 -22.5948
  12.008 -39.0334 -25.0467
 23.9886 -38.4795  -27.178
 35.7125 -36.4772 -29.1864
 47.1643 -32.9252 -30.8074
 58.2675 -27.8533  -31.729
 68.6013  -21.414 -32.1177
 78.1137 -13.8543 -32.1222
 86.5417 -5.38416 -31.7286
 93.8583  4.32284 -30.8899
 99.9515  14.5793 -29.3891
104.524 25.7445 -27.351
107.758 37.1436 -25.286
 109.669  48.4922 -23.3719
 110.037  60.0275 -20.9694
 108.791  71.5766 -18.3967
106.489 82.7542  -15.29
 102.467  93.7038 -11.9165
97.1693  103.63 -8.4947
 90.1578  112.808 -5.50279
 82.1573  121.129 -1.74319
73.2069 128.361 2.13761
63.4891 134.212  5.7604
52.4832 139.053 8.97969
40.7022 142.587 11.8559
29.0233 144.836 13.8434
17.0376 145.615 16.1028
4.90425 144.768 17.5667
-6.7627 142.478 19.0354
-18.3889  138.734  19.5043
-29.1551  133.563   19.167
-39.4396  127.067  18.3479
-48.4675   119.65  16.7459
-56.5824  110.811  15.2053
-63.3507  101.434  12.7543
-68.784  91.361 10.2726
-72.9911  80.6318  7.47588
-75.8176  69.4601  4.67597
-76.9826  58.4487  1.92353
-72.6033  54.7078 0.320177
-72.8399  42.6612 -2.95325
-71.4607  30.4691 -6.58491
-68.6019  18.7056  -10.106
-63.8401  7.56839 -13.8473
-57.4721 -2.55157 -17.8059
-49.7645 -11.5355 -21.4967
-40.8044  -19.028 -25.4174
-30.7534 -25.0491 -29.2298
-19.0096 -29.4766 -32.7557
-7.57552 -32.0919 -36.0937
 4.03756 -33.3904 -38.7948
15.6873 -33.191 -41.194
  27.342  -31.458 -43.0972
 39.0397 -28.3058 -44.1498
 50.0868  -23.781 -44.6563
 60.5351 -18.1959 -44.6324
 70.3432 -11.4284 -43.8922
   79.25 -3.73718 -42.5478
 87.0684   4.8922 -40.6932
 93.6872  14.3458 -38.4695
 99.1429  24.3413 -35.5261
 102.972  35.0099 -32.4804
 105.349  45.9847 -29.4222
106.605 56.8522 -26.216
 106.566  67.7953 -22.5021
 104.801  78.6227 -18.9469
 101.598  89.3347 -15.0181
 97.2713  99.2884 -11.3216
 91.4159  108.821 -7.49418
 84.5402   117.56 -3.56685
 76.476 125.517  1.1553
67.8159 132.226   5.295
57.4868 138.071 9.97731
47.0073 142.452 13.7421
35.5363 145.625 16.6859
23.7988 147.477  18.829
11.2726 147.955 21.2465
-0.784613   147.054   22.5132
-12.2582  144.744  22.5248
-23.3973  141.043  22.1059
-33.5322    136.1  20.9128
-43.0656  129.764  19.7521
-51.3771  122.364  18.4706
-59.1458  113.794  16.3685
-65.555 104.495 14.2267
-71.0096  94.3267  11.9091
-75.0075  83.9351  8.82857
-77.8153  72.9116  5.68648
-79.0701  61.8985  2.53036
-74.3215  58.8165  1.32752
-74.9058   47.071 -2.05776
-73.7665  35.1696 -6.07636
-70.8651  23.6478 -10.0412
-66.1481  12.8073  -13.913
-59.7915  2.98111 -17.5239
-51.9271 -5.58036 -21.3138
 -42.743 -12.9902 -24.5576
-32.6403  -18.972 -27.6975
-21.2344 -24.0522 -29.7902
-10.1398 -27.1271 -31.9792
 1.39725 -28.7825 -33.5778
  13.118 -29.0577 -34.8288
 24.6806 -28.1292 -35.4797
 35.9902 -25.9787 -35.5897
 46.9568  -22.263 -35.2811
 57.4277  -17.206 -34.5491
 67.2906 -10.9732 -33.7541
 76.3541 -3.80513 -32.8485
 84.3881  4.34785 -31.7253
 91.4606  13.3327 -30.4716
 97.2308  23.4252 -28.9301
 101.784  33.8508 -27.2197
 104.917  45.0448 -25.0247
 106.532  56.3527 -22.9027
 107.092  67.4938 -20.0917
 105.847  79.1611 -17.0275
 103.633  90.1386 -14.1332
 100.377  100.423 -11.2645
 95.0984  110.572 -8.00634
88.7071 119.976 -4.9522
 81.3194  128.437 -2.31485
  72.8363   135.931 -0.657844
  63.862  142.253 0.542547
54.5175 147.336 1.68406
44.1203 151.341 3.15903
33.3195 154.019 4.41655
22.7028 155.383 5.11237
11.5354 155.245 5.24414
0.25185 153.772 5.47568
-10.7867  150.946   5.8497
-21.605  146.74 5.33758
-31.8022  141.295  4.56301
-41.2329    134.7  4.62718
-49.7078  126.944  3.58178
-57.3415  118.147  2.18095
-63.3762  108.932 0.576842
 -68.481  98.7359 -1.50614
-72.0487  88.2803 -3.45913
 -74.117  77.5358 -6.19219
-74.6204  66.7965 -9.11158
-69.1784  63.2862  -10.248
-68.5941  51.8136 -13.9958
 -66.532  40.4703 -17.4234
-62.4928  29.7423 -21.2285
-57.0348  19.5465 -24.7085
-50.1374  10.4075  -28.178
-42.2247  2.29435 -31.2875
-33.2843 -4.54613 -34.1408
-23.6181 -10.2645 -36.7563
-12.7633 -14.5506 -39.1169
-2.05268  -17.298 -41.2813
 8.89113 -18.6492 -43.2318
 19.9818  -18.515 -44.9673
 31.2612 -16.8673 -46.2046
 42.1372 -13.9006 -47.0897
 52.5199  -9.7972 -47.6618
 62.5055 -4.12915 -47.5398
  71.636  2.53397 -47.1789
 79.8687  10.1919 -46.3416
 87.0749  19.0502 -44.8291
 93.1502  28.3233 -42.9192
 97.7906  38.3526 -40.7576
 101.597  48.3125 -38.4568
   103.8  58.9208 -36.2269
 104.814  69.7777 -33.3967
 104.554  80.4977 -30.8079
 103.078  90.7531 -28.1098
 99.9562  100.796 -25.6617
 95.5874  110.496 -22.7297
  89.912  119.335 -20.7525
 83.0927  127.572 -18.1741
 75.2545  134.719 -16.1901
 65.7403  141.297 -13.4417
 55.7634  146.634 -11.6528
 45.2754  150.979 -9.53432
 34.2199  154.036 -7.96096
 23.4695  155.756 -6.82295
 12.2055  156.197 -5.45461
 1.10582  155.303 -4.56059
-9.81427  153.147 -3.87526
-20.8927  149.735 -2.97259
-30.6873  145.286 -3.51184
-40.4947  139.458 -3.91528
-49.1269  132.759 -4.61031
 -57.112  124.873 -6.22125
-63.9075  116.334 -8.07206
-69.5744  106.972 -10.5329
-74.0765  97.1233 -13.4955
-77.3924  86.8245 -16.2943
-79.2595  76.3014 -19.5198
-79.7527  66.0003 -22.4219
-74.6522   63.398 -23.0875
-74.6667  51.8324  -26.326
-72.8895  40.4271 -29.8532
-69.4191  29.5967 -33.0457
-64.2415  19.5268 -36.4381
-57.4795  10.5845 -39.8491
-49.4311   2.7797 -43.1026
-40.0092 -3.35189 -46.3689
-29.7654  -8.3147 -48.8044
 -18.312 -12.1428 -50.4057
-7.38766 -14.1419 -51.6048
3.50081 -15.095 -52.443
 14.2447   -15.04 -52.7103
 24.9325 -13.7134 -52.4913
 35.2905 -11.2768 -52.1304
  45.304 -7.48081 -51.3756
 54.6731 -2.67944 -50.3692
 63.3718  3.18763 -48.9927
 71.0723   10.234 -47.5033
 77.9656  18.1976 -45.9405
 83.6554  26.9483 -44.3277
87.9909 36.6307 -42.486
 91.0572  46.9221 -40.3635
 92.8146   57.195 -37.9483
 93.1184  67.8374 -35.2993
 91.6793  78.6322 -32.6147
    88.9  89.3951 -29.5207
 84.9029  99.3185 -26.9264
 79.7968  108.855 -23.8959
 73.6513    117.6 -20.4277
 65.9548  125.289 -17.6753
 57.4708  131.969 -15.1274
 48.6028  137.381 -13.5517
  38.566  141.879 -12.0324
 28.6678  145.035 -10.6962
  18.224  147.032 -9.43325
 7.68127  147.551 -9.72506
-2.87303  146.796 -9.64408
-13.7118  144.663 -10.2694
-23.7865  141.325 -11.5058
-33.2213  136.815 -13.2466
-41.8659  131.114 -15.4824
-49.5724  124.356 -17.8009
-56.3007  116.763 -20.1228
-62.1596  108.268 -22.5303
-67.0669  99.0508 -24.9168
-70.9379  89.4783  -27.026
-73.5642  79.5275 -29.3681
-74.7826  69.7651  -31.346
-69.1932  68.4481 -30.6582
-69.7597  57.7979 -33.3946
-68.5873   47.044 -36.1986
-65.6413  36.5948 -38.9987
-61.2798  26.6496 -41.4532
-55.1266   17.798 -43.9764
-48.0306  9.67993 -46.1116
-39.7886  2.83663 -48.1092
-30.6046 -2.97287 -49.7637
 -20.137 -7.85036 -50.8177
-10.1588 -11.0806 -51.4384
0.102384 -12.9012 -51.9477
 10.6771 -13.1922 -52.1655
 21.2088  -11.978 -52.1098
 31.4386 -9.56202 -51.5999
 41.2133 -5.85555 -50.8981
  50.4597 -0.835514  -50.0786
 59.0573  5.26354 -48.9311
 66.8333   12.281 -47.6207
 73.7208  20.1159 -46.1604
79.4348 29.0341 -44.586
 84.1433  38.3005 -42.8482
87.5169 48.0397 -40.755
 89.4955   58.267 -38.7142
 90.1723  68.4223 -37.0199
  89.761  78.5153 -35.0663
  88.111  88.4168 -32.9951
 84.8873  98.0162 -31.4467
 80.7829  107.225 -29.9968
 75.4498  115.909 -28.8394
 69.3958   123.64 -28.3069
 62.4138  130.665 -27.7316
   54.45  136.785 -27.4934
  46.083  141.963 -27.5122
 37.2616  146.195 -26.8386
 27.1834  149.138 -27.2472
 17.1987  151.155 -27.3158
6.80216  152.13 -26.392
-3.51712  151.873 -25.9726
-13.4859  150.363 -25.7963
-23.1543  147.964 -24.2531
-32.8843  143.914 -23.7342
-41.6482  138.994 -22.7506
-49.8324  132.796 -22.2284
-57.3588  125.443 -22.0076
-63.6751  117.308 -22.1887
-68.7919  108.482 -22.9473
-72.4964  99.1857 -24.1691
-75.0554   89.285 -25.5564
-76.0418   79.306  -27.132
-69.5417  77.5071  -26.306
-70.1452  66.7693 -28.6126
-69.3918    56.03 -31.1969
-67.2601   45.336 -33.5036
-63.6305  35.2075 -35.5545
-58.8549  25.6506 -37.2708
 -52.783  16.8537 -38.8784
 -45.727  9.15486 -40.3169
-37.8501   2.4853 -41.6605
-29.0538 -2.92236 -43.1153
-19.0837 -7.40008 -44.3937
-9.5261 -9.7907 -45.729
0.224337 -10.9878 -46.8239
 9.96802 -10.7557 -47.7685
  19.759 -9.06526  -48.678
 29.2767 -6.23143  -49.381
 38.3849  -2.0943 -49.8771
 47.0492  3.11655 -50.1138
 54.7116   9.3999 -50.3823
 61.8159  16.7335 -50.2104
 67.8762  24.6501 -49.8225
 73.0224  33.1226 -49.3599
 77.1181  42.2096 -48.6045
  79.977   51.649 -47.6652
  81.753  61.1595 -46.4856
 82.0862  71.1864 -44.9803
 81.2081  80.6199 -43.8255
79.0103 90.2171 -42.359
 75.4794  99.3514 -41.1791
 71.1187  107.936 -40.0319
 65.5187   116.05 -38.7485
58.8867 123.316 -37.604
 51.1664  129.807 -36.3452
 43.0361  134.981 -36.0025
34.2967 139.335 -35.101
 24.6931  142.379 -35.0269
 15.2721  144.269 -34.7298
 5.50088  144.965 -34.7351
-4.90243  144.398 -35.0988
 -14.393  142.675 -36.3533
-23.724 140.218 -36.472
 -32.838  136.396 -37.0936
-41.2983  131.471 -38.0857
-49.1586  125.573 -38.7625
-56.4136  118.529  -39.984
-62.477 111.179 -40.803
-67.5581  103.034 -41.9443
-71.4394  94.2829 -43.3384
 -74.026   85.258 -44.7925
-75.2529  75.9057 -46.5342
-75.1908  66.7233 -48.2236
-70.0853  65.7716 -47.5709
-69.7016   55.525  -50.361
-67.9853   45.327 -52.6338
-64.6334  35.7974 -54.9722
-59.9108  26.7352 -57.0582
-53.8972  18.5221 -59.2645
 -46.955  11.3839 -61.1425
-38.9873  5.77782 -62.9044
 -30.078 0.986394  -64.188
-20.0984  -3.2754 -64.7051
-10.7396 -5.34247 -65.2127
-1.32817 -6.42078 -65.4743
 8.09999 -6.11626 -65.6455
 17.4743 -4.49836 -65.5818
 26.2764  -1.6914 -65.4576
 34.8977  2.25452 -65.3171
 43.0962  7.31508 -64.7917
 50.4131  13.1944 -63.9776
 56.7638  20.2497 -62.8136
 62.2038  28.0477 -61.3429
 66.5637   36.544 -59.5921
 69.6936  45.3446 -57.8183
 71.6124  54.4163 -55.8318
 71.9351   63.669 -54.1253
 71.4313  73.0367 -52.4131
 70.3074  81.6169 -51.1066
   67.71  90.4212 -49.4793
 64.4332  98.6651 -47.9275
60.0554   106.2 -46.855
 54.354 113.399 -45.679
47.6909 119.918 -44.705
 40.7077  125.706 -43.5016
 32.4251  130.401 -42.8613
 24.1159  134.259 -41.7072
15.1098  136.91 -40.962
 5.94146  138.417 -40.6182
-3.47733  138.981 -39.5967
-12.8123  138.103 -39.5285
-22.2648   135.76  -40.302
-31.1053  132.503 -41.3354
 -39.25 128.209 -42.721
 -46.524  123.346 -43.6885
-53.1125  117.151 -45.2271
-58.6951  110.241 -47.2324
 -63.194  102.675 -49.6609
-67.0835   94.399 -51.9248
-69.9076  85.8881 -54.3648
 -71.519  77.4143 -56.6663
-71.7974  68.6548 -59.1272
-66.6611   69.133 -58.1693
-66.5217  59.6688 -60.9624
-64.9295  50.4177 -63.4761
-62.4744  40.8803 -65.9904
-58.6314  32.3536 -68.1425
-53.1597  24.6568  -70.449
-47.0981  17.6922   -72.08
-39.8736  11.6879 -73.5741
-32.0563  6.84036 -74.7254
-22.5035  1.96732 -75.4479
 -13.7777 0.0344727  -76.1036
 -4.65479 -0.755794  -76.4629
 4.45461 -0.55265 -76.4423
 13.6508 0.959581 -76.0792
22.6287 3.20996 -75.174
 31.1427  6.40762 -73.8656
 39.1923  10.4662 -72.1998
  46.511   15.374 -70.2862
 53.2261  20.8595 -68.0462
 58.9507   26.909 -65.7039
 63.8117  33.7483 -63.1504
  67.484  41.1085 -60.6778
70.3416 48.9033 -58.058
 72.0623  56.9431 -55.7029
  72.948  65.5487 -52.8053
 72.6099  74.0555 -50.2292
  70.701   82.782 -47.6171
 67.5629  91.2854 -45.2332
 63.4857  99.2749 -43.2883
 58.5367  106.901 -41.3044
 52.9139  113.821 -39.2691
 46.3076  119.824 -38.0625
 39.1216  125.057 -37.1114
 31.1042  129.542 -36.0463
 22.6222  132.936 -35.8928
 14.0941  135.328 -36.3624
 5.55871  136.773 -37.3187
-2.82426  136.922 -39.5729
-10.7264  136.299 -41.5998
-18.6145  134.807 -43.4357
-26.4154  131.954  -46.431
-33.9324  128.405  -48.952
-40.5716  123.905 -51.8424
 -46.843  118.362 -54.9493
-52.6819   112.28 -57.5392
-57.2816  105.732 -60.3083
-61.4554  98.3364 -62.7881
-64.5845  90.4206 -65.4991
-66.4973  82.4055 -68.2302
 -67.405  74.4505 -70.6268
-67.1081  66.9435 -72.4192
-62.5739  67.9317 -71.1003
-61.3911  59.2052 -74.1312
-59.0967  50.5896 -76.9463
-55.2383  42.9715  -79.475
-49.8625  35.9919 -81.7957
-43.3276  29.9837 -83.8649
 -35.783  25.1965 -85.5082
-27.6299  21.1099 -86.5907
-18.6061   18.229 -87.1488
  -8.814  15.1819 -86.7519
0.101509  14.0146 -86.0083
 8.64789  13.5954 -84.9034
 16.8708  13.9795 -83.4318
 25.2016  15.4996 -81.6866
 32.8516  18.0869 -79.6926
 40.0851  21.2238 -77.5688
46.7144 25.2883 -75.296
 52.5395  30.4477 -72.7355
 57.7289  36.3856 -70.0769
62.0635 42.9472 -67.265
 65.1973  49.9938 -64.5011
  67.47  57.388 -61.807
 68.6059  65.2708 -59.1289
 68.4833  73.3152 -56.7014
 67.7879  81.1224 -54.1871
 65.5348  89.0911 -52.0365
 62.3559  97.0615 -49.5158
 58.3201  104.502 -47.4023
 53.5637  111.403 -45.4803
  47.643  117.661 -43.8946
 41.1683  122.971 -42.9182
 34.2137   127.45 -42.5423
 27.2056  130.951 -42.7208
 19.8835  133.609 -43.0742
 12.0308  135.401 -43.6587
4.44604 136.401 -44.274
-3.69661  136.241 -45.4322
-12.0219   135.32 -46.0548
-19.9476   133.46 -46.8007
-27.6855  130.539 -48.2405
 -34.384  126.967 -49.7396
-40.9023  122.297  -51.406
-47.3097  116.722 -53.1617
-52.5678  111.072 -54.5417
-56.7867  104.635 -56.3669
-60.0923  97.6924 -58.2826
-62.5003  90.2407 -60.2911
-63.9582  82.5894 -62.3067
-64.1721  75.0519  -64.294
-63.5616   67.451 -66.1572
-58.5753  68.0573 -64.8913
 -57.588  59.6362 -67.3301
 -55.085  51.4749 -69.6204
-51.4278   43.712   -71.69
-46.8392  36.6686 -73.2823
 -41.531  30.2845 -74.5368
-35.2562  24.8962 -75.6642
-28.6527   20.324 -76.5085
-21.4022  16.9309 -77.2583
 -12.739  13.9103 -77.6404
-4.97101  13.2088 -77.8081
 2.88565  13.5716 -77.6514
  10.625  14.7419 -77.2827
 18.0711  17.0016 -76.7083
 25.3164  20.0788 -75.8268
 31.8013  23.9208 -74.9498
 37.8374  28.7234 -73.8436
 43.1186  34.4118 -72.6107
47.7396 40.5817 -71.443
 51.4313  47.2628 -70.2217
 54.3988  54.2472 -68.9999
 56.5199  61.5021 -67.7898
 57.7318  69.1576 -66.2843
  57.883  76.6865 -64.9618
 57.0121  84.2834 -63.4361
 55.0856  91.5281 -62.1976
52.3227  98.366 -61.187
48.8871  104.49 -60.665
  44.525   110.55 -59.7687
 39.1491  115.975 -59.1189
 33.7599   120.63 -58.4201
 26.7694  124.581 -57.6494
 19.5799  127.556 -57.2256
12.3538 129.797 -56.632
 4.27409  131.376 -55.7979
-3.46025  131.882 -55.4003
-10.8746  131.474 -55.2966
-18.2123   130.16 -55.3138
-25.3392  127.784 -55.5604
-32.1138  124.542 -55.8059
-38.1609  120.596 -56.2275
 -43.857  115.608 -56.9112
-48.6396  109.997 -57.9786
-52.6836  103.692 -59.4154
-55.7582  96.9717 -61.0145
  -57.65  90.1998 -62.5385
-58.8968  82.9951 -63.8707
-58.9663   75.912 -65.1673
-53.3762  77.0441 -62.7143
-53.7233  69.2103 -64.5079
-53.1016  61.2611 -66.2274
-51.4961  53.3448 -67.6668
-48.8518   46.035 -68.9494
-45.0272   39.283 -70.0707
-40.4804  33.1374 -71.0339
-35.0178  27.9955 -71.7857
-29.0857  23.3424 -72.4791
-22.7616  19.8544 -73.2619
-15.2597  16.9578 -73.8593
-8.08487  16.2398 -74.3954
-0.865202   16.3354  -74.7889
 6.46213  17.4997 -75.0268
 13.5156  19.5512 -75.1237
 20.4515  22.1502 -75.1167
 27.0206  25.8867 -74.8294
33.1978 30.3456 -74.287
 38.4987  35.1877 -73.8115
  43.485   40.891 -72.9872
 47.5207  46.7429 -72.3744
 50.9191  52.9371 -71.6112
 53.5646  59.3482 -70.8296
 55.2098  66.2465 -70.0296
 56.2167  73.2192 -69.2014
 55.8716  80.0848 -68.7067
  54.828  86.8129 -68.2713
 52.9722  93.3176 -67.9217
 50.4935  99.6226 -67.3941
 46.9438  105.692 -66.9733
42.7973 111.105 -66.956
 37.6395  116.334 -66.7407
 32.1788  120.684 -66.7575
 26.468 124.303 -66.734
 19.8773  127.339 -66.5429
 13.4658  129.229 -66.9117
 6.40574  130.284 -67.3088
-0.886873    130.66   -67.671
-7.25351  129.983 -68.6815
-13.8792  128.501 -69.6353
-20.5468  126.301 -70.5516
-26.7781  123.331  -71.483
-32.2606  119.696  -72.414
-37.2736  115.401 -73.2291
 -41.769  110.542 -73.8545
-46.2593  105.264 -73.8447
-49.6178  99.6648  -73.716
-52.1255  93.4532 -73.7351
-54.0702  86.8539 -73.6785
-54.4548  80.6019 -73.6095
-48.7564  82.6779 -69.7335
-49.6855  75.4591 -70.4389
-49.2126  68.2027 -71.3093
 -47.475  61.0267 -71.9524
-44.5611  54.3703  -72.393
-41.1163  48.1342 -72.3814
 -36.488  42.4036 -72.4068
-31.4599  37.4299 -72.0394
-25.6774  33.4151 -71.5393
-18.8175  29.1973 -70.9252
-12.3558  26.9529 -69.9728
-6.04882  25.3131 -69.0243
0.20897 24.5499 -68.064
 6.53656  24.9088 -66.9913
12.5588 25.6928 -66.099
 18.5414  27.5553 -65.2648
23.9407 30.2724 -64.513
 29.1704  33.3858 -64.0991
 33.9128  37.4789 -63.7163
   38.17  42.2488 -63.3999
 41.8469  47.4019 -63.3567
 44.9915  53.2078 -63.1989
 47.3538  59.3389 -63.1687
 48.9905  65.7432 -63.0811
 49.9677  72.4274 -62.8186
 50.102  78.865 -62.791
49.5462 85.2033 -62.879
47.8797 91.3699 -63.301
 45.8764  97.0087 -63.9632
 43.0396  102.799 -64.2303
 39.6601  107.943 -64.7057
 36.0237  112.217 -65.6227
 31.7832  116.021 -66.5483
 26.8517  119.467 -67.2558
  21.733  122.133 -68.0193
 16.3252  124.201 -68.6968
 10.5915  125.399 -69.5345
4.45427 126.111 -70.019
-1.89088  126.147  -70.322
-8.30514  125.478  -70.686
-14.3113  124.257 -70.7302
-20.3868  122.532 -70.1794
-26.2632  119.892 -69.6145
-31.8437  116.514 -69.1054
-36.4925   112.45  -68.875
-40.6535  107.786  -68.707
-43.893 102.671 -68.585
-46.7276  96.9627 -68.4969
-48.5118  90.9795  -68.696
-49.0281  85.1555 -68.8129
-42.0851  87.6813 -64.2781
-42.7122  81.0355 -65.4594
-42.9204  74.1211 -66.3627
-42.4342  67.3484 -66.9799
-40.8177  60.7712 -67.5587
-38.1807  54.7942 -67.8445
-34.8912  49.3296 -67.8744
-31.0418  44.2027 -67.8297
-26.4155  40.0047 -67.5779
-21.4268  36.3436 -67.3364
-15.6737  32.7131 -66.9721
-10.1873   31.092 -66.4158
-4.68594  30.1761 -65.9414
0.964328    30.25 -65.3796
 6.45896  31.1657 -64.8407
12.0598 32.9219 -64.332
 17.0113  35.2523 -63.9293
 21.7874  38.2642 -63.6668
 26.2258  42.1269 -63.3714
 30.1969  46.5916 -63.0591
 33.4939  51.1976 -62.9829
 36.3585   56.279 -62.8613
38.3978 61.7674 -62.696
 40.1121  67.1467 -62.7053
 40.9285  72.7777 -62.8088
 41.0796  78.5388 -62.8915
  40.638  84.5503 -62.6335
 39.4959  90.1072 -62.6343
37.6072 95.3563  -62.79
 35.3451  100.357 -62.7498
 32.6503  104.837 -62.8834
  29.084  109.039 -62.9261
 24.8225  112.651 -63.0489
 20.0943  115.687 -63.2224
 15.0238  118.313 -63.1491
 9.84999  119.973 -63.6567
  4.9384  120.953 -64.2338
-0.953992   121.477  -64.5986
-6.55399  121.426 -64.9377
-12.4439  120.799 -65.2114
-17.4685  119.391 -65.8432
-22.7555  117.316 -66.2695
-27.2965  114.355  -67.484
-31.6537  110.863 -68.6113
-35.6579  106.901 -69.8069
-39.0746  102.753  -70.719
-41.8338  98.4599 -71.4998
-44.0919  93.7708 -72.2002
-45.9794  88.6413  -72.892
-47.0282  83.6423 -73.2634
-47.7227  78.3508 -73.5708
-42.3251  81.7504 -69.1418
-43.1978  75.7873 -70.4596
-42.9019  69.9704 -71.5537
-41.6815    64.13 -72.7387
-39.7944  58.8359 -73.4582
 -37.403  53.6331 -74.0878
-34.2091  49.0163 -74.5808
-30.3363   45.094 -74.8832
-25.7993  41.9894  -75.008
-20.8726  39.4686 -74.9786
-15.3058  36.2825 -74.9177
-10.0126  35.3443 -74.5879
-4.76594  35.1578  -74.158
0.330471  35.4921 -73.7739
 5.44662   36.539 -73.3206
 10.4779  38.3899 -72.7674
 15.0667   40.806 -72.1007
  19.339  43.5966 -71.5986
 23.3471  47.1615 -70.8004
  26.924  50.7698 -70.2029
 30.0853  54.8576 -69.4455
32.7549 59.1377 -68.766
 34.7422  63.8291 -68.1252
 36.0897  68.6784 -67.4757
 36.8068  73.4384 -67.0301
 36.7248  78.1372 -66.8863
 36.4636  83.0001 -66.4156
 34.9946  87.7667 -66.2311
 32.9902  92.4228 -66.0782
 30.3666   96.932 -65.8837
 27.5659  100.982 -65.8619
 24.0015  104.784 -65.7635
  20.346  108.209 -65.6357
 15.9135  111.259 -65.3613
 11.4589  113.426 -65.6431
 6.43138  115.609 -65.0868
 1.37348  116.767 -65.1738
-3.23577  117.289 -65.4047
-8.15303  117.292 -65.5522
 -12.799  116.513 -66.0706
-17.8474  115.328 -66.1055
-21.9883  113.447 -66.6423
-25.6754  110.737 -67.7037
-29.2792  107.928 -68.0954
-32.5835  104.386 -68.9034
 -34.821   100.78 -69.7283
-36.7079  96.4487 -70.9511
-38.5217  91.8799 -71.9362
-39.3225  87.3488 -72.9582
-39.7278  82.6533 -73.8654
-39.2654  78.2308  -74.604
-33.5675  81.5387  -70.639
-33.8668  76.3311 -72.0385
-33.9017  71.1865 -73.1259
-33.3443  66.0354 -74.1093
-31.4993  61.4746 -74.9166
-29.4269   57.226 -75.3751
-26.5474  53.5214 -75.6741
-23.6463   49.971 -75.9554
-19.9335  47.3541 -76.0662
-15.8448  45.3715 -75.9909
-11.0071  42.9849   -75.97
-6.26072  42.8293 -75.5464
-1.47683  43.2273  -74.937
 3.04092  44.1111 -74.1804
 7.38637  45.1324 -73.5441
 11.6444  46.9604 -72.7244
 15.5469  49.0903 -71.8929
 18.9774  51.4628 -71.2135
 21.9599  54.3802 -70.5404
 24.5373  57.5931 -70.0286
 26.6963   61.283 -69.3854
 28.4206  65.2264 -68.8139
  29.526  69.1194 -68.6307
 30.1708  73.3015 -68.3777
 30.2807  77.5573 -68.1725
29.7972 81.7527 -68.158
 28.8302  85.7059 -68.4526
 27.5118  90.0651 -68.1344
25.4936 94.1304  -68.02
 23.0249   97.641 -68.3668
 20.3676  100.791 -68.8183
 17.3483  103.488 -69.5616
 13.9934  105.899 -70.2805
 10.7096   107.64 -71.3979
 6.99396  109.344 -72.0882
 3.04178  110.285 -73.1792
-1.03919  110.928 -74.1393
-4.87939  110.993 -75.2418
-8.77536  110.561 -76.3095
-12.1826  109.966 -77.0868
-16.0812  108.701 -77.8872
 -19.671  107.151 -78.4255
-22.7386  104.999  -79.186
-25.8661  102.396 -79.7918
-28.8331  99.6513 -80.0682
-31.0075  96.5805 -80.4804
-32.5469  93.1511 -81.0639
-33.5533  89.8054 -81.3347
-34.1947  86.3362 -81.4492
-34.1384  82.8263 -81.5192
-28.8811  87.5293 -76.1179
-29.1814  83.1023 -77.1886
-28.4507  78.7755 -78.2409
-27.1847  74.5834 -78.9589
-25.3762  70.4322 -79.5855
-23.1433  66.8541 -79.8327
 -20.572  63.4878 -79.9579
-17.5261   60.816 -79.7962
-13.9462  58.5319 -79.5992
-10.4453  56.6586  -79.281
-6.50559  54.0391 -79.1824
-2.76469  53.8494 -78.3632
0.609992  53.6383 -77.8227
 4.08215  54.1148 -77.2147
 7.00647  55.1581 -76.6042
10.1263 56.8112 -75.898
  12.703  58.7556 -75.2855
15.3101 60.9094 -74.845
 17.7818  63.6444 -74.2284
 19.5956  66.5188 -73.8166
 21.2862   69.807 -73.3022
 22.4331  72.9692 -73.1249
 23.2865  76.3234 -72.9797
 24.0498  80.1353 -72.4628
 24.2958  83.7687 -72.2047
 23.9641  87.3943 -71.9359
 23.4741  90.6777 -71.9756
22.4344  94.002 -71.924
 21.2093  96.6375 -72.4757
  19.078   99.365 -72.9069
 17.1645  102.083 -72.9176
  14.444  104.387 -73.1347
 11.7008  106.399 -73.2544
8.78285 107.821 -73.643
  5.5145  108.827 -74.0952
2.07169 109.545 -74.338
-1.54543  109.789 -74.6042
-4.81392  109.492 -75.0308
-8.11829  108.813 -75.4303
-11.4272   107.52 -76.0401
-13.9508  105.949 -76.7004
-16.4859  104.007 -77.3022
-18.0053  101.644 -78.1861
 -20.019  98.8546 -78.9951
-21.6569  95.6895 -80.0248
-22.6402  92.7574 -80.6905
-23.5582   89.712 -81.2031
-24.1265  86.2802 -81.8865
 -24.316  83.1205 -82.2552
-19.3661  87.8636 -76.7679
-19.9639  84.2612 -77.7931
-22.8381  74.0831 -82.5312
-21.9202  71.1364  -82.552
-20.8268  68.8193 -82.1296
-19.0393  66.6965 -81.6966
-17.1684   64.571 -81.3424
 -14.406  62.8198 -81.0349
-12.0632  61.3418 -80.5863
-9.17218  60.2959 -80.0938
-6.22432  59.6093  -79.486
-3.41623  59.5361 -78.5559
-0.398974   59.4932  -77.8107
 2.16858  59.6216 -77.1545
 5.1252 60.6097 -76.086
 7.86683  61.7347 -75.1005
 10.6686  63.3116 -73.9504
 13.0382   64.873 -73.0004
  15.126  66.5054 -72.2635
  16.855  68.4019 -71.6194
 18.2104  70.7097 -70.8858
 19.2484  73.1871 -70.2363
 20.0059  75.8006 -69.6665
 20.6774  78.2241 -69.4108
 20.7522  80.6664 -69.3618
 20.2652  83.4991 -69.0947
 19.4525   86.149 -69.0956
 18.6317  88.6793 -69.2458
 17.1958  91.1589 -69.4777
 15.8963  93.5427 -69.6622
 14.1728  95.6927 -69.9938
  12.393  97.3746 -70.6775
 10.6221  98.8241 -71.4228
 8.44495  100.182 -72.0504
 6.16676  101.326 -72.6156
3.89777 102.047 -73.397
 1.62358  102.575 -74.0184
-0.0272732     102.44   -75.1014
-2.35415  102.206 -75.8844
-4.78056  101.622 -76.6883
-7.00572  100.677 -77.5321
-11.6724  99.4485 -80.8101
 -14.336  97.8596 -81.7735
-16.8016   95.897 -82.6852
-19.0419  93.5922  -83.573
-21.162 90.8871 -84.479
-22.4628  87.7642  -85.582
-23.5899  84.5636 -86.3936
-24.3887  81.2957 -87.0267
-24.5932  77.9272 -87.6432
-24.4437  74.6503 -87.9453
-18.6028   79.916 -81.3774
-17.9176  77.7307 -81.3276
-16.4834  75.6628 -81.3195
-15.0863  73.5641 -81.2953
-13.4132  71.9657 -80.9681
-11.4228  70.3973 -80.7127
-9.41789  69.2865 -80.1792
-7.71785  68.0572 -79.8206
-5.50111  67.4479 -79.1794
-3.24442  66.8803 -78.6609
-1.31282   66.453 -78.2025
 1.03975  66.3191 -77.6565
 3.17319   66.716 -76.8625
 5.00099  67.3231 -76.1045
 6.76223  67.7577 -75.7266
 8.33188   68.622 -75.2518
 9.69538  69.6965 -74.8575
11.1258  71.244 -74.231
 12.3037   72.811 -73.7717
 13.2432  74.6148 -73.2565
 14.2948  76.1137 -73.1381
 14.8291  78.1299 -72.6945
 15.2688  80.1869 -72.2719
 15.0069  82.1987 -72.0484
 14.9817  84.1194 -71.9038
  14.509  86.0699 -71.8515
  14.054  87.6594 -72.1492
 13.0727   89.408 -72.3565
 12.0317  91.2507 -72.3534
 11.0984  92.7598 -72.5344
 9.85179  94.0747 -72.8428
 8.50621  95.3278 -73.0348
 6.76653    96.07 -73.6832
5.37579 96.7578 -74.147
 3.84974  97.2292 -74.6429
 2.14838  97.5573 -75.0797
 0.74648  97.5416 -75.6132
-0.675522   97.1749  -76.3325
-2.12227  96.6612 -76.9679
-5.82124   96.195 -79.6291
-7.70048  95.2549 -80.3462
-9.36794   93.806 -81.3497
 -11.069  92.1302 -82.2423
-12.8549   90.411 -82.8186
-14.3194  88.4642 -83.3311
-15.2829  86.2678 -83.7897
-16.0921  83.6704 -84.4449
-16.4747  80.9811 -85.0126
-16.6171  77.7994 -85.8383
-9.86311  83.6474 -78.6692
-9.19197   82.166 -78.6353
-8.52206  80.8174  -78.515
-7.74108  79.6889 -78.2459
-6.88831   78.389 -78.2038
-6.28934  77.2932 -78.0114
-5.48101  76.5299 -77.6065
-4.34441  75.8187 -77.3468
 -2.9242  75.3335 -76.9662
-1.64125  74.8978 -76.6723
-0.671109   74.6713  -76.3775
0.558854  74.7543 -75.9481
 1.59761  75.0785 -75.4464
 2.68197  75.4647 -75.0343
 3.98811  76.1134 -74.4847
 5.36331   76.703 -74.1288
 6.21213  77.5176 -73.7075
 7.18055  78.2905 -73.4875
7.82748 79.2751 -73.159
 8.26514   80.414 -72.7928
 8.95203  81.7243 -72.2939
 9.08433  83.0322 -71.9006
 8.76182  84.0248 -71.9891
 8.69852  85.2861 -71.7828
 8.85568  86.3722 -71.7601
 8.93186  87.6014 -71.5516
 8.47178  88.5774 -71.6479
  8.0602   89.558 -71.7069
 7.70244  90.3873 -71.9135
 7.27847  91.4119 -71.8014
 6.75153  92.0446 -72.0797
 5.85207  92.5495 -72.3911
 4.87192  93.0432 -72.6759
3.97804 93.5406 -72.769
3.17421 93.7671 -73.044
 2.24632  93.8497 -73.3766
 1.24394   93.777 -73.7536
0.00826725    93.6872   -73.9872
-0.899437   93.4507  -74.2628
-1.84357  93.0552  -74.601
-4.84354  92.5928  -77.195
-6.09828  91.7698 -77.8777
-6.94995   90.558 -78.8936
-7.81345  89.3852 -79.6841
-8.62521  87.7692 -80.7789
-9.11644  86.1965 -81.6621
-9.81055  84.5178 -82.4577
-10.3441  82.7528 -83.2218
-10.6748  81.1042 -83.7381
-10.5344  79.3997 -84.2575
-5.11623  83.8983 -78.1237
-4.70097  83.3075  -78.009
-4.74599    82.55 -78.1009
-4.22949  81.8069 -78.2194
-3.77537   81.268 -78.1792
-3.0058 80.9814 -77.935
-2.54196  80.4446 -77.9708
-1.98149  80.1122 -77.8825
-1.33544  80.0126 -77.6367
-0.635232   79.9826  -77.3687
 0.29071  79.8212 -77.3222
 1.04859  79.8904 -77.1116
 1.82282  79.7468 -77.1789
 2.25344  79.9529 -76.9992
  2.4526  80.0549 -77.0366
   2.678  80.4994 -76.7808
 3.26969  81.1124 -76.3848
  3.5839  81.5253 -76.2426
4.09524 82.0083 -76.057
 4.17911  82.2474 -76.2136
 4.69179  82.7656 -76.0503
 4.96449  83.2909 -75.8794
  5.3813  83.9281 -75.6146
 5.52639  84.1568 -75.7883
 5.24025  84.7562 -75.5715
 4.90822   85.193 -75.4982
 4.70393  85.6908 -75.3434
4.30208 86.1265 -75.229
 3.70578  86.4278 -75.2655
3.26869 86.4933 -75.506
 2.74227  86.8129 -75.4141
2.47407 86.9928  -75.39
 2.11078  87.1239 -75.3863
1.68548 87.1305 -75.491
 1.08942  87.0848 -75.5974
  0.8459  87.0129 -75.6792
0.696571  87.0299 -75.6635
0.786821  86.7623 -75.9208
0.604024  86.7037 -75.9092
0.525214  86.4253 -76.1009
 -1.3838  86.0482 -78.6373
-1.67281  85.6656 -79.0589
-2.20431  85.1772 -79.5297
-2.48306  84.8159 -79.7667
-2.83325   84.075 -80.3465
-3.07924  83.3512 -80.8525
-3.15864  82.4364 -81.4853
 -3.3158  81.4275 -82.2023
-3.39729  80.4903 -82.7847
-3.47276   79.473 -83.3261
